--jacobi_matrix
nan   
nan   
-5070000000   
-0   
-43760000000   
-0   
-332580000000   
-10000000   
-1850760000000   
-130000000   
-4115500000000   
-620000000   
-4136410000000   
-1650000000   
-3251470000000   
-2880000000   
-2410650000000   
-4010000000   
-1757560000000   
-4920000000   
-1273630000000   
-5630000000   
-920510000000   
-6150000000   
-664400000000   
-6540000000   
-479200000000   
-6820000000   
-345460000000   
-7020000000   
-248980000000   
-7170000000   
-179410000000   
-7270000000   
-129260000000   
-7350000000   
-93120000000   
-7400000000   
-67090000000   
-7440000000   
-48320000000   
-7470000000   
-34810000000   
-7490000000   
-25070000000   
-7510000000   
-18060000000   
-7520000000   
-13010000000   
-7520000000   
-9370000000   
-7530000000   
-6750000000   
-7530000000   
-4860000000   
-7540000000   
-3500000000   
-7540000000   
-2520000000   
-7540000000   
