#time	posx	posy	Density Susceptibles	Density Exposed Density Deceased
0	0	0	0.00453999	1.38879e-10	0
0	0	1	0.00453999	1.38879e-10	0	
0	1	0	0.00453999	1.38879e-10	0
0	1	1	0.00453999	1.38879e-10	0
0	0.5	1	0.673795	3.72665e-05	0
0	0.5	0	0.673795	3.72665e-05	0
0	0	0.5	0.673795	3.72665e-05	0
0	1	0.5	0.673795	3.72665e-05	0
0	0.5	0.5	100	10	0
0	0.5	0.2	16.5299	0.11109	0
0	0.5	0.8	16.5299	0.11109	0
0	0	0.2	0.111378	4.13994e-07	0
0	0	0.8	0.111378	4.13994e-07	0
0	1	0.8	0.111378	4.13994e-07	0	
0	1	0.2	0.111378	4.13994e-07	0	
0	0.7	0.5	44.9329	1.35335	0
0	0.3	0.5	44.9329	1.35335	0
0	0.5	0.4	81.8731	6.06531	0
0	0.5	0.6	81.8731	6.06531	0
0	0.5	0.1	4.07622	0.00335463	0
0	0.5	0.9	4.07622	0.00335463	0